%YAML:1.0
cam_overlaps: []
camera_model: "pinhole"
D: [-0.3887690644281015, 0.09119015584154487, -0.0008107613150438714,0.005018713556050917]
KMat: !!opencv-matrix
    rows:3
    cols:3
    dt:d
    data:[1997.3694692511192,0, 948.8083719282708,0,1995.4405755138962, 546.6602627641385, 0, 0, 1]
distortion_model: radtan
RMat: !!opencv-matrix
    rows:3
    cols:3
    dt:d
    data:[1,0,0,0,1,0,0,0,1]
EYEMat: !!opencv-matrix
    rows:3
    cols:3
    dt:u
    data:[1,0,0,0,1,0,0,0,1]
K:[1997.3694692511192,0, 1995.4405755138962, 0,948.8083719282708, 546.6602627641385, 0, 0, 1]
R: [0.94629383, 0.053550854, -0.31884193, -0.00074613484, 0.9865464, 0.16348019, 0.32330686, -0.1544624, 0.93360269]
width:1920
height:1080
resolution: [1920, 1080]
rostopic: "/cam0/image_raw"
