%YAML:1.0
cam_overlaps: []
camera_model: "pinhole"
D: [-0.39181897115289005, 0.07836961680001531, 0.0008710038384614853,0.005320044082720045]
KMat: !!opencv-matrix
    rows:3
    cols:3
    dt:d
    data:[1997.1639597913236,0, 920.7784863115788,0, 1996.5328505075765, 534.5081911832654, 0, 0, 1]
distortion_model: radtan
RMat: !!opencv-matrix
    rows:3
    cols:3
    dt:d
    data:[1,0,0,0,1,0,0,0,1]
EYEMat: !!opencv-matrix
    rows:3
    cols:3
    dt:u
    data:[1,0,0,0,1,0,0,0,1]
K: [1997.1639597913236,0, 1996.5328505075765,0, 920.7784863115788, 534.5081911832654, 0, 0, 1]
R: [0.94629383, 0.053550854, -0.31884193, -0.00074613484, 0.9865464, 0.16348019, 0.32330686, -0.1544624, 0.93360269]
width:1920
height:1080
resolution: [1920, 1080]
rostopic: "/cam0/image_raw"
