%YAML:1.0
cam_overlaps: []
camera_model: "pinhole"
D: [-0.39527289915583264, 0.12919335716490457, 0.001267702620169512,0.005845429476115023]
KMat: !!opencv-matrix
    rows:3
    cols:3
    dt:d
    data:[1980.7376552184476,0, 876.7542965538305, 0, 1981.0289053292795,522.8085649145781, 0, 0, 1]
distortion_model: radtan
RMat: !!opencv-matrix
    rows:3
    cols:3
    dt:d
    data:[1,0,0,0,1,0,0,0,1]
EYEMat: !!opencv-matrix
    rows:3
    cols:3
    dt:u
    data:[1,0,0,0,1,0,0,0,1]
K: [1980.7376552184476,0, 876.7542965538305, 0, 1981.0289053292795,522.8085649145781, 0, 0, 1]
R: [0.94629383, 0.053550854, -0.31884193, -0.00074613484, 0.9865464, 0.16348019, 0.32330686, -0.1544624, 0.93360269]
width:1920
height:1080
resolution: [1920, 1080]
rostopic: "/cam0/image_raw"
